01000101
01100001
01110100
00100000
01101101
01111001
00100000
01100010
01110101
01110010
01100111
01100101
01110010
01110011
00101100
00100000
01100110
01101111
01110010
00100000
01101001
01110100
00100000
01101001
01110011
00100000
01101101
01111001
00100000
01100110
01101100
01100101
01110011
01101000
00101110
00100000
01000100
01110010
01101001
01101110
01101011
00100000
01101101
01111001
00100000
01100010
01101100
01101111
01101111
01100100
00101100
00100000
01100110
01101111
01110010
00100000
01101001
01110100
00100000
01101001
01110011
00100000
01101101
01111001
00100000
01101101
01101001
01101100
01101011
00101110
00100000
01001111
01100010
01100101
01111001
00100000
01110100
01101000
01100101
00100000
01000011
01101111
01110111
00100000
01000111
01101111
01100100
00100001
00100000
01000011
01101111
01101110
01110100
01110010
01101111
01101100
00100000
01010101
00100001